# Eigenvector  matrix (normalized)
0.015849824233458557 -0.05321222034738475 -0.41002012854342496 -0.0062067645366760075 -0.003167952544333553 0.039114741862806175 -0.08713508096219878 0.23531233955257994 0.08224924634078226 -0.087382654863889 0.3809137427712294 0.00982072752701828 -0.029778238010871556 0.34476075158763314 0.3608537573604485 -0.34133035267253553 0.48030119909085767 0.08664638764202162
-0.3952406821469548 0.15718419217356777 0.30465916686257366 0.026715205627331328 -0.02547073150586391 -0.1649224752225552 -0.17184163781423395 -0.0465063967065959 -0.004428340878699616 -0.02530872354969331 -0.3004750606374026 -0.3692788994479508 0.347274555161909 -0.2452889918378666 0.26309163627004517 -0.23046957512924443 0.3645909641189993 0.05165101700547224
0.43663822788977574 -0.09741577322715178 0.32316322967169436 -0.018319722447077507 -0.02065219389528027 -0.17427894852610773 0.1425950749041421 0.07677261188864903 -0.004056154106063361 -0.010717889496655822 -0.2732625829951288 0.41862720062911835 -0.3584881416460639 -0.2662989723411873 0.2248921560828685 -0.19677298091044 0.3068902454456054 0.0714211913697543
-0.0011715033695391807 0.004362234377467115 0.029234445736043262 -0.002469917947217361 0.07038790455549754 0.13457153721077847 -0.29583837955690817 0.77305322362492 0.19900148521983022 -0.26718720304974036 -0.297462614383343 -0.002694573184111634 -1.445741462916048e-05 -8.212036603411095e-06 -0.00013822288978770705 -0.05386434520560848 -0.2932049697470778 -0.05070359399207569
-0.010181702455849304 -0.0013756619054917654 0.007375674410279937 0.14255518242199294 -0.14496312533436342 -0.5649232519926679 -0.6062632854462675 -0.13355450642583183 0.051480578262437966 -0.22224294122970625 0.1971887779089626 0.267616434009652 1.1881066685853317e-05 -4.7920353549995224e-05 7.760199414297927e-05 0.22452393188604153 -0.00623291323607753 -0.20243392912038433
0.012725934582960546 -0.0016648175860295785 0.019067735246764878 -0.15254355653433097 -0.13504834549409234 -0.606003611505718 0.4995871691145435 0.2964054375163531 0.04423928795300424 -0.19776998637462395 0.18032157754872574 -0.29709081592295483 -9.268465156606062e-06 -3.711960376517357e-05 0.00010910752906470597 0.195232170471497 -0.07369866478000482 0.21882457540636924
-0.010112190614137581 0.05234862692861977 0.5620027875884527 0.007541011170033566 0.05156029718892301 0.038906219764448 -0.08381330100531681 0.20899366251589452 0.025247104083249414 0.4791038430801219 0.17447387459142769 0.007045318322655994 -0.006197538993690235 0.4557266438541826 0.20596469768428657 0.33374395226546866 0.0609451638353306 0.021529729683347997
0.24270262685162675 0.3504556335927597 0.15860136274054124 0.045594473263746105 -0.032613293827779534 -0.16431141137656072 -0.17875189533980124 -0.045294553982941695 0.0039020716578903763 0.13841748250364824 0.11516146615301277 -0.3789651189031233 -0.3428304428978704 0.1459342385727888 -0.3337655751921736 -0.5312398585604454 -0.13224971813248299 -0.05469216324397961
-0.2665136927562236 -0.3433018172195185 0.20429144448194414 -0.04333386945934442 -0.02854203818613374 -0.17489928720757694 0.1493297484131083 0.08304959798908887 0.003169298232636054 0.11601260302704364 0.11192878496381682 0.40988438220252743 0.36395077321582703 0.14523722429101815 -0.31088922091689014 -0.4958025327693894 -0.1279123766037388 -0.02259197058073629
0.23876859477461662 -0.430725215851756 -0.008752093616777059 0.01941257234788566 0.019530156040383616 0.04093118420089483 -0.08588887610882019 0.2259856866726453 0.06210370387939606 0.2573800990365162 0.22278986725900649 -0.2994731067342871 0.11249921872587583 -0.3877236581025334 -0.2948443771489303 0.11106781865940434 0.32185235309298704 -0.3482009699209483
0.39847092641201504 -0.08432278104134458 -0.24788504217019156 0.05539160857522468 -0.05550906321759392 -0.16260700013833643 -0.17963527331843437 -0.03267098935557671 0.03074314826523618 0.4317424305036099 -0.07334571289114827 -0.055521740902055236 0.37140572078279593 -0.12756482358686913 0.30934317390324956 -0.10483275715975099 -0.35952044647102777 0.3475267922677998
0.2107547367136748 0.3907357909189884 -0.27326205735737036 -0.05026505071873951 -0.05427160769849491 -0.1765199138646644 0.14015817276438858 0.09072950153138701 0.026640990638307275 0.1743100122293045 -0.4210538968947285 0.14820142933527933 0.31525688310399 0.28877119980705906 -0.2592058688029788 0.11453458145287511 0.2957699702934118 -0.2877902106150093
-0.24586500891955998 0.4366341908748153 -0.1094568060072628 -0.02361075742733845 0.01363754683428527 0.03698331249794668 -0.08597225291347559 0.22550408662692814 0.060995166592235035 0.27319456058581093 0.2486493150770557 0.29190983727020925 -0.07647479993074002 -0.41271972079158714 -0.2714916462834057 0.08245006877189305 0.14903689996220235 0.41505234542777425
-0.25771931836754947 -0.42495153581619644 -0.20680948814987615 0.037493359772956925 -0.05438473297344503 -0.1627772461886523 -0.17229161060868659 -0.030288903111802424 0.029460883228876612 0.22230890193869002 -0.4220181516394256 -0.1200197513968379 -0.3758934388674178 0.2270911200451115 -0.23893628266265776 0.09149563868423882 0.14869547014122164 0.3543066923978275
-0.3661680408335771 0.048114259513204 -0.2321100058257111 -0.06485241189641958 -0.053024952622828525 -0.17652225378021302 0.1468260292673872 0.09291336732320647 0.025529778542196305 0.4030752026292417 -0.0400658538556464 0.04881780162844607 -0.3206854314438393 -0.16757562726644268 0.34482671685894645 -0.09589174768448347 -0.22034311014968366 -0.5164108940621799
0.0014856454694643162 -0.004945289482568265 -0.029196533277849233 0.012721584403847361 -0.31505204566000117 0.03894530460337926 -0.08595645185172947 0.22607294212303594 -0.9163443920832476 1.6065426171521673e-05 -1.3768861456325673e-05 -6.075159931508153e-07 1.2661655625650657e-06 -1.5671689974313604e-05 -5.686241178377567e-06 5.544926073775075e-06 -6.467389614860499e-06 -1.1835691220639584e-06
0.025322645989715474 -0.01976998395402071 -0.03986659045247524 -0.6601268451221909 0.6680613181346399 -0.16376745947803933 -0.1748998090610627 -0.038565717406766745 -0.23750400255993134 2.2979065545561147e-06 -4.451207471243629e-06 -2.390091563951671e-06 2.594666894558787e-06 -6.1162580006062845e-06 -7.132024123871468e-07 9.747205336490327e-07 -5.781526917496085e-07 -3.851486831717771e-07
-0.027908385049489427 0.016120791320148452 -0.057957933601222034 0.7093877629373414 0.6262938599550718 -0.17513169924122932 0.14388684432906645 0.08527780293792858 -0.20366708878371292 2.008499308570308e-06 -3.890941654704061e-06 2.4403081863115785e-06 -2.0905620198403595e-06 -5.70372298379059e-06 -6.183218038126255e-07 8.331536042399049e-07 -5.929083635455797e-07 1.9762787586328383e-07
