# Dynamical matrix (atomic units)
0.00011012096687953914 6.207358011359646e-05 5.305950473890186e-05 -2.9989083183991332e-05 -1.635709630018307e-05 -1.3981805433789568e-05 5.4417428264278466e-06 5.258448180355268e-06 4.563295017725659e-06 -6.273892374330137e-06 -6.838015121841889e-06 -3.584037366742988e-06 -5.765255332105253e-06 -4.029401151465541e-06 -5.773625002036077e-06 -2.830601206807775e-09 -6.238863797692449e-10 -5.35364002397628e-10
6.207358011359646e-05 7.022791671787808e-05 3.868036096535643e-05 -1.635744238516382e-05 -1.9477743302491202e-05 -1.0191890315929941e-05 -9.431383683804485e-06 -5.167185914554337e-06 -4.3287276366435464e-06 9.099918288467872e-06 5.889905866976141e-06 5.777331310105723e-06 -5.276357118351387e-06 -3.7148784255467926e-06 -4.946815347508717e-06 -6.178438966722063e-10 2.2787714379707166e-10 -1.0317539888193567e-10
5.305950473890186e-05 3.868036096535643e-05 5.8040992685262814e-05 -1.3982112527594003e-05 -1.0191885721010173e-05 -1.6266479187277453e-05 -8.770427047890101e-06 -4.895071374348652e-06 -4.1025787940743045e-06 -5.878281111400942e-06 -5.826333355498429e-06 -3.442007366457357e-06 9.855386308875501e-06 7.22323021707159e-06 5.654116091563497e-06 -5.303789538425711e-10 -1.0340199199807462e-10 2.596757110952378e-10
-2.9989083183991332e-05 -1.635744238516382e-05 -1.3982112527594003e-05 2.539174437918451e-05 6.993352774478529e-11 -2.1774282109026537e-10 -1.4848440888543787e-05 1.1821053493738204e-05 1.101088163839429e-05 -2.2543081911979618e-05 1.572801506846739e-05 -1.3178922981044781e-05 -2.0268610455775807e-05 -1.1191298931232075e-05 1.6151416816763344e-05 -1.6245010628096956e-09 -5.173004434964014e-10 -4.4319095182385626e-10
-1.635709630018307e-05 -1.9477743302491202e-05 -1.0191885721010173e-05 6.993352774478529e-11 2.5389137879972058e-05 -2.5627123177130484e-09 1.1820874007419874e-05 -2.6707949200171307e-05 -1.7840970062325774e-05 1.572758881307699e-05 -2.4053412565724285e-05 1.3827132185453308e-05 -1.1191147911535728e-05 -1.7402812429375958e-05 1.4214711632916816e-05 -5.132744185575918e-10 9.251105131134359e-11 -1.2274999949305524e-10
-1.3981805433789568e-05 -1.0191890315929941e-05 -1.6266479187277453e-05 -2.1774282109026537e-10 -2.5627123177130484e-09 2.5389906140943394e-05 1.101069259026673e-05 -1.784102454494587e-05 -2.4172819542281056e-05 -1.317878515533234e-05 1.3827119516603091e-05 -1.9139441065563935e-05 1.6151025395240898e-05 1.421473734258694e-05 -2.806587601457212e-05 -4.3975570228367627e-10 -1.2279376063369448e-10 1.3047384081588027e-10
5.4417428264278466e-06 -9.431383683804485e-06 -8.770427047890101e-06 -1.4848440888543787e-05 1.1820874007419874e-05 1.101069259026673e-05 5.2662836947803154e-05 -4.485868081963044e-05 -4.178426360711223e-05 -3.559910638108977e-06 6.252608860586398e-06 7.401633246483999e-06 -3.2886518645719093e-06 7.232394549060713e-06 5.1446013786687685e-06 -2.639809803018779e-10 -1.464546840644753e-10 -1.2961126243147995e-10
5.258448180355268e-06 -5.167185914554337e-06 -4.895071374348652e-06 1.1821053493738204e-05 -2.6707949200171307e-05 -1.784102454494587e-05 -4.485868081963044e-05 9.766645374890265e-05 6.770808419330293e-05 3.333587469902386e-06 -6.095041672451275e-06 -7.926937118773367e-06 -4.538960503204149e-06 5.790211693668487e-06 6.70039122469958e-06 -2.0861672892526084e-10 -4.6149464653633006e-11 -7.477572832585381e-11
4.563295017725659e-06 -4.3287276366435464e-06 -4.1025787940743045e-06 1.101088163839429e-05 -1.7840970062325774e-05 -2.4172819542281056e-05 -4.178426360711223e-05 6.770808419330293e-05 8.804532771190586e-05 -4.806860562511726e-06 7.447077175705014e-06 5.828427226953631e-06 4.01891623479556e-06 -9.2401244407617e-06 -6.327893063864868e-06 -1.8678825873720854e-10 -7.62108180614005e-11 -2.7417767052813063e-11
-6.273892374330137e-06 9.099918288467872e-06 -5.878281111400942e-06 -2.2543081911979618e-05 1.572758881307699e-05 -1.317878515533234e-05 -3.559910638108977e-06 3.333587469902386e-06 -4.806860562511726e-06 8.186162468497173e-05 -5.968460707739857e-05 5.001174235441441e-05 5.789836908654393e-06 -7.039935948654205e-06 6.165993566411245e-06 -1.7153098891718585e-10 -3.2100691453018054e-11 -5.2494071905523634e-11
-6.838015121841889e-06 5.889905866976141e-06 -5.826333355498429e-06 1.572801506846739e-05 -2.4053412565724285e-05 1.3827119516603091e-05 6.252608860586398e-06 -6.095041672451275e-06 7.447077175705014e-06 -5.968460707739857e-05 8.759132045723714e-05 -5.2472693222671115e-05 5.977634035475691e-06 -4.355160176827387e-06 3.1211720584471325e-06 4.0031450517881335e-11 2.4849711736571618e-11 8.3084142584282e-12
-3.584037366742988e-06 5.777331310105723e-06 -3.442007366457357e-06 -1.3178922981044781e-05 1.3827132185453308e-05 -1.9139441065563935e-05 7.401633246483999e-06 -7.926937118773367e-06 5.828427226953631e-06 5.001174235441441e-05 -5.2472693222671115e-05 6.894397456089319e-05 -8.336002196911235e-06 6.8917234307257625e-06 -5.262188024206103e-06 -8.738941179092208e-11 -1.8807228639532926e-11 -1.2462621387642302e-11
-5.765255332105253e-06 -5.276357118351387e-06 9.855386308875501e-06 -2.0268610455775807e-05 -1.1191147911535728e-05 1.6151025395240898e-05 -3.2886518645719093e-06 -4.538960503204149e-06 4.01891623479556e-06 5.789836908654393e-06 5.977634035475691e-06 -8.336002196911235e-06 7.323032475295641e-05 4.246910074047442e-05 -6.129096200813722e-05 -1.7221076826560273e-10 -5.951845850583112e-11 -2.2961435768747028e-11
-4.029401151465541e-06 -3.7148784255467926e-06 7.22323021707159e-06 -1.1191298931232075e-05 -1.7402812429375958e-05 1.421473734258694e-05 7.232394549060713e-06 5.790211693668487e-06 -9.2401244407617e-06 -7.039935948654205e-06 -4.355160176827387e-06 6.8917234307257625e-06 4.246910074047442e-05 6.235321074746447e-05 -5.394341782250325e-05 -8.957981191359862e-11 -1.593704916843955e-11 -1.4577490471605845e-11
-5.773625002036077e-06 -4.946815347508717e-06 5.654116091563497e-06 1.6151416816763344e-05 1.4214711632916816e-05 -2.806587601457212e-05 5.1446013786687685e-06 6.70039122469958e-06 -6.327893063864868e-06 6.165993566411245e-06 3.1211720584471325e-06 -5.262188024206103e-06 -6.129096200813722e-05 -5.394341782250325e-05 0.0001028178434041447 5.204088567324573e-11 1.3746649045763023e-11 2.6209270433405325e-11
-2.830601206807775e-09 -6.178438966722063e-10 -5.303789538425711e-10 -1.6245010628096956e-09 -5.132744185575918e-10 -4.3975570228367627e-10 -2.639809803018779e-10 -2.0861672892526084e-10 -1.8678825873720854e-10 -1.7153098891718585e-10 4.0031450517881335e-11 -8.738941179092208e-11 -1.7221076826560273e-10 -8.957981191359862e-11 5.204088567324573e-11 9.046050382499199e-09 2.6481937483159195e-09 2.2706896168284275e-09
-6.238863797692449e-10 2.2787714379707166e-10 -1.0340199199807462e-10 -5.173004434964014e-10 9.251105131134359e-11 -1.2279376063369448e-10 -1.464546840644753e-10 -4.6149464653633006e-11 -7.62108180614005e-11 -3.2100691453018054e-11 2.4849711736571618e-11 -1.8807228639532926e-11 -5.951845850583112e-11 -1.593704916843955e-11 1.3746649045763023e-11 2.6481937483159195e-09 -5.105898216997694e-10 6.078737995620924e-10
-5.35364002397628e-10 -1.0317539888193567e-10 2.596757110952378e-10 -4.4319095182385626e-10 -1.2274999949305524e-10 1.3047384081588027e-10 -1.2961126243147995e-10 -7.477572832585381e-11 -2.7417767052813063e-11 -5.2494071905523634e-11 8.3084142584282e-12 -1.2462621387642302e-11 -2.2961435768747028e-11 -1.4577490471605845e-11 2.6209270433405325e-11 2.2706896168284275e-09 6.078737995620924e-10 -6.968493631659871e-10
