# Dynamical matrix (atomic units)
0.0001101200383009492 6.207384628497688e-05 5.306100017793734e-05 -2.9988867091478857e-05 -1.6357147785165036e-05 -1.398226551654168e-05 5.442119424186869e-06 5.258757933145031e-06 4.56367229526403e-06 -6.273950835354101e-06 -6.83810009426044e-06 -3.5842061786145115e-06 -5.765390608195587e-06 -4.029714982931392e-06 -5.7737405645253075e-06 -2.830903330962627e-09 -6.238863797692449e-10 -5.354395334363411e-10
6.207384628497688e-05 7.022915044186442e-05 3.8683370046407716e-05 -1.635734048734784e-05 -1.9478141813318435e-05 -1.0192939292351633e-05 -9.432057873856036e-06 -5.167043689608441e-06 -4.328627331424135e-06 9.0997969856197e-06 5.889935626205393e-06 5.777388033915796e-06 -5.276179695941451e-06 -3.714908562431239e-06 -4.9463604240625485e-06 -6.179949587496322e-10 2.2795267483578467e-10 -1.0332646095936164e-10
5.306100017793734e-05 3.8683370046407716e-05 5.804297884945681e-05 -1.3982422750319995e-05 -1.0192920934553135e-05 -1.6266974541508923e-05 -8.77105803418751e-06 -4.894821819796744e-06 -4.102515196939708e-06 -5.877817955071554e-06 -5.82589965627414e-06 -3.4421833537775592e-06 9.855129729936994e-06 7.223112010996004e-06 5.6539519626163745e-06 -5.301523607264321e-10 -1.030243368045097e-10 2.5975124213395077e-10
-2.9988867091478857e-05 -1.635734048734784e-05 -1.3982422750319995e-05 2.5391372963885705e-05 -1.4096933415129809e-09 -1.2415752452223106e-09 -1.4849510257657017e-05 1.1825668237302035e-05 1.1015065247200543e-05 -2.254202153578079e-05 1.5726394308982104e-05 -1.317703880137342e-05 -2.0267534960102886e-05 -1.1189287165955177e-05 1.614919361953545e-05 -1.6245448239503348e-09 -5.173004434964014e-10 -4.433003546754544e-10
-1.6357147785165036e-05 -1.9478141813318435e-05 -1.0192920934553135e-05 -1.4096933415129809e-09 2.539007378364636e-05 1.871566482651324e-09 1.1825473915957024e-05 -2.6713926818818632e-05 -1.784832488783016e-05 1.5725893462727488e-05 -2.4051836004991048e-05 1.3824039454360913e-05 -1.1188893228167143e-05 -1.7401243811289746e-05 1.4210887434358635e-05 -5.132744185575918e-10 9.248917074102397e-11 -1.2274999949305524e-10
-1.398226551654168e-05 -1.0192939292351633e-05 -1.6266974541508923e-05 -1.2415752452223106e-09 1.871566482651324e-09 2.53900270176201e-05 1.1014872741942869e-05 -1.7848396459175676e-05 -2.4177663112849288e-05 -1.3176653200082677e-05 1.3823832135957134e-05 -1.913752078295155e-05 1.614870736762124e-05 1.4211138579544765e-05 -2.806287476614423e-05 -4.3982134399463515e-10 -1.2277188006337486e-10 1.3051760195651951e-10
5.442119424186869e-06 -9.432057873856036e-06 -8.77105803418751e-06 -1.4849510257657017e-05 1.1825473915957024e-05 1.1014872741942869e-05 5.266622270214449e-05 -4.4874190212057684e-05 -4.1798426432181296e-05 -3.559928463434113e-06 6.2525678472323776e-06 7.402083638067844e-06 -3.2887039809886213e-06 7.2327411609973665e-06 5.14451497116048e-06 -2.6413204237930385e-10 -1.4637915302576232e-10 -1.2908254516048906e-10
5.258757933145031e-06 -5.167043689608441e-06 -4.894821819796744e-06 1.1825668237302035e-05 -2.6713926818818632e-05 -1.7848396459175676e-05 -4.4874190212057684e-05 9.7686316146153e-05 6.773283767849618e-05 3.3331194795865203e-06 -6.094975205137209e-06 -7.926805317110813e-06 -4.539222822501599e-06 5.7907749286241695e-06 6.700703016827388e-06 -2.087677910026868e-10 -4.599840257620704e-11 -7.492679040327977e-11
4.56367229526403e-06 -4.328627331424135e-06 -4.102515196939708e-06 1.1015065247200543e-05 -1.784832488783016e-05 -2.4177663112849288e-05 -4.1798426432181296e-05 6.773283767849618e-05 8.806142111032444e-05 -4.807141991161972e-06 7.44750113142531e-06 5.828930716857691e-06 4.0185414497814654e-06 -9.240013183541677e-06 -6.3278333943442854e-06 -1.8671272769849558e-10 -7.605975598397453e-11 -2.7417767052813063e-11
-6.273950835354101e-06 9.0997969856197e-06 -5.877817955071554e-06 -2.254202153578079e-05 1.5725893462727488e-05 -1.3176653200082677e-05 -3.559928463434113e-06 3.3331194795865203e-06 -4.807141991161972e-06 8.185900073668685e-05 -5.967865205924437e-05 5.0004457234668467e-05 5.788876531497157e-06 -7.039448471330351e-06 6.165736307693389e-06 -1.713799268397599e-10 -3.2327284569157e-11 -5.2494071905523634e-11
-6.83810009426044e-06 5.889935626205393e-06 -5.82589965627414e-06 1.5726394308982104e-05 -2.4051836004991048e-05 1.3823832135957134e-05 6.2525678472323776e-06 -6.094975205137209e-06 7.44750113142531e-06 -5.967865205924437e-05 8.758575487711853e-05 -5.2462939068800673e-05 5.977400417972952e-06 -4.355132985653451e-06 3.121909014791855e-06 4.010698155659432e-11 2.4849711736571618e-11 8.08182114228925e-12
-3.5842061786145115e-06 5.777388033915796e-06 -3.4421833537775592e-06 -1.317703880137342e-05 1.3824039454360913e-05 -1.913752078295155e-05 7.402083638067844e-06 -7.926805317110813e-06 5.828930716857691e-06 5.0004457234668467e-05 -5.2462939068800673e-05 6.893708915140411e-05 -8.335502710152227e-06 6.892456912642704e-06 -5.26225917444457e-06 -8.738941179092208e-11 -1.8882759678245913e-11 -1.2613683465068269e-11
-5.765390608195587e-06 -5.276179695941451e-06 9.855129729936994e-06 -2.0267534960102886e-05 -1.1188893228167143e-05 1.614870736762124e-05 -3.2887039809886213e-06 -4.539222822501599e-06 4.0185414497814654e-06 5.788876531497157e-06 5.977400417972952e-06 -8.335502710152227e-06 7.32277591146334e-05 4.246163691429088e-05 -6.128282837270237e-05 -1.7221076826560273e-10 -5.951845850583111e-11 -2.3490153039737914e-11
-4.029714982931392e-06 -3.714908562431239e-06 7.223112010996004e-06 -1.1189287165955177e-05 -1.7401243811289746e-05 1.4211138579544765e-05 7.2327411609973665e-06 5.7907749286241695e-06 -9.240013183541677e-06 -7.039448471330351e-06 -4.355132985653451e-06 6.892456912642704e-06 4.246163691429088e-05 6.234723563805397e-05 -5.393172078372399e-05 -8.935321879745965e-11 -1.5861518129726566e-11 -1.4577490471605845e-11
-5.7737405645253075e-06 -4.9463604240625485e-06 5.6539519626163745e-06 1.614919361953545e-05 1.4210887434358635e-05 -2.806287476614423e-05 5.14451497116048e-06 6.700703016827388e-06 -6.3278333943442854e-06 6.165736307693389e-06 3.121909014791855e-06 -5.26225917444457e-06 -6.128282837270237e-05 -5.393172078372399e-05 0.00010280765970525712 5.234300982809767e-11 1.3595586968337055e-11 2.628480147211831e-11
-2.830903330962627e-09 -6.179949587496322e-10 -5.301523607264321e-10 -1.6245448239503348e-09 -5.132744185575918e-10 -4.3982134399463515e-10 -2.6413204237930385e-10 -2.087677910026868e-10 -1.8671272769849558e-10 -1.713799268397599e-10 4.010698155659432e-11 -8.738941179092208e-11 -1.7221076826560273e-10 -8.935321879745965e-11 5.234300982809767e-11 9.046503568731476e-09 2.6478160931223547e-09 2.27076514786714e-09
-6.238863797692449e-10 2.2795267483578467e-10 -1.030243368045097e-10 -5.173004434964014e-10 9.248917074102397e-11 -1.2277188006337486e-10 -1.4637915302576232e-10 -4.599840257620704e-11 -7.605975598397453e-11 -3.2327284569157e-11 2.4849711736571618e-11 -1.8882759678245913e-11 -5.951845850583111e-11 -1.5861518129726566e-11 1.3595586968337055e-11 2.6478160931223547e-09 -5.104387596223435e-10 6.081759237169443e-10
-5.354395334363411e-10 -1.0332646095936164e-10 2.5975124213395077e-10 -4.433003546754544e-10 -1.2274999949305524e-10 1.3051760195651951e-10 -1.2908254516048906e-10 -7.492679040327977e-11 -2.7417767052813063e-11 -5.2494071905523634e-11 8.08182114228925e-12 -1.2613683465068269e-11 -2.3490153039737914e-11 -1.4577490471605845e-11 2.628480147211831e-11 2.27076514786714e-09 6.081759237169443e-10 -6.966983010885612e-10
