# Eigenvector  matrix (normalized)
0.010917231612685442 -0.41605861362564234 -0.03297943578502848 0.005263013556903166 -0.012643431535357092 -0.03932719535813807 -0.06512266020621249 0.23664152650477524 0.07885708172431623 -0.12671412342970054 -0.04959608493204044 -0.366513239527034 -0.03210615866827259 0.3445493632665978 0.36086920498128644 0.00455428348478513 -0.5453452006835146 -0.23927730256912308
-0.29671698241228056 0.34963655493748436 -0.251377005021117 0.005299950903887623 0.04039053187031748 0.19163596117938042 -0.1481028305971741 -0.014667649234499425 -0.001794701677418284 0.1562073361631789 -0.3297729994437497 0.3068050304150066 0.3489528878208541 -0.2429107349775233 0.26307646842940996 -0.011284680641987765 -0.40585322127752843 -0.15452778189925537
0.3292416445480512 0.27116127793980427 0.3498098208004153 -0.02001891878831095 0.029504886735029587 0.14518616059364325 0.1741593371281876 0.0705619602504271 -0.0016573770980120028 0.18073155850758854 0.44210024575646156 0.14797375743156443 -0.3567113521660261 -0.26869076827357674 0.22487969958683132 0.018018581457839012 -0.3472041194080708 -0.130936390463908
-0.0004428379268383194 0.019900731831258595 -0.000820964116188299 0.006005979188242361 -0.06843878924442223 -0.13475877671673978 -0.22489398557973922 0.7969928160294726 0.1990645721148351 0.38316194984363083 -0.006981600727405023 0.11409482286284484 -1.653576521978145e-05 5.448773677774188e-05 0.00015824193817115528 0.007437308439694553 0.2813489355863754 -0.11058774454600362
-0.00869023692284425 0.003913179828595452 -0.018197527766954467 -0.14714727724243035 0.1395141421317584 0.6546542042798127 -0.5239658740969636 -0.037057468523934205 0.051503753207351295 0.1013846900492793 0.20521313232546884 -0.32787586531876123 -1.9414314393007004e-05 -3.727861762470308e-05 -0.00012858588864710085 -0.20437831251951724 0.08616590564007102 0.2055098499569807
0.009656204400205572 0.006802159560982367 0.03232753311423426 0.14395448549630668 0.14151946628959594 0.5076046924383961 0.6162228084360974 0.2595994475233226 0.044234935500570685 0.052841426650429804 -0.34312226430092485 -0.19841177929336912 2.3272800509951258e-05 -2.7629785746347913e-05 -0.00012064710755401082 0.22271674386505702 0.0696784343862043 0.19228339176020304
-0.013792717243511117 0.5588398655319595 0.0662515295234455 -0.006613681372658598 -0.02970963585050615 -0.03882320975651761 -0.06530472019262877 0.22331028509599554 0.029754951046589984 -0.497343828498261 0.05807983365831118 0.09662109404271174 -0.009273267568325586 0.45556733421763 0.20552457439924987 -0.0006486825157349767 0.002235159289691417 0.3401972443392586
0.36647017339318644 0.21538466221054645 -0.16603986887775626 -0.026722363557446706 0.039502178107736416 0.19122585264434222 -0.15413557573394854 -0.014251430672626759 0.005361034131639145 -0.20268112517728554 -0.3648695738199991 0.042832496933663866 -0.34373283744012423 0.14357318912182152 -0.3330384524701504 -0.012339982470331554 0.03410896268908378 -0.5494255812841337
-0.4023907405802586 0.1383950342801829 0.22601267653973678 0.019092811325158856 0.03542938618937848 0.14549705584333633 0.1809317061738875 0.07396186660825402 0.00458358620951382 -0.1306879933742881 0.4061210979337304 -0.10947881132322075 0.362883789521641 0.14765440593378154 -0.3102136762536026 0.017266715526682616 0.031034939620490722 -0.5117131510408636
0.019706245422256338 -0.11313969073501493 0.47322789385171793 -0.07377754890367533 -0.027281967741283237 -0.04246717536604902 -0.0675733678184573 0.2320279638347741 0.06163155222536455 -0.3550002796201551 -0.28194740982665956 -0.0013259829477483415 0.1151519345204482 -0.3870034214778738 -0.2951279590239239 -0.4061462542995571 -0.22586962991078732 0.14508156426537158
0.330284458190822 -0.2810201654201606 0.1923960530773546 -0.08377473192114984 0.04028305340921397 0.18810138109735441 -0.1555672505308582 -0.007741214112975188 0.028593574730877445 -0.33036369409114824 0.019555685670659628 0.29212701748984055 0.37228304262191764 -0.12510239746690177 0.30964346589924063 0.412416534434243 0.26351079230764396 -0.14598417480670556
0.3774034457157303 -0.1995017211262405 -0.29331592310386145 0.07849924608112127 0.049319588849310904 0.14910361555951404 0.1767615521557912 0.07747317907623946 0.0246245005008679 0.0844458326367469 0.22269665931608595 0.4158544157929069 0.31331331637230614 0.2909276162402528 -0.2594790083086418 -0.34199123462586717 -0.2109258062858477 0.14768534177743686
-0.017348751077578328 -0.006568706398425522 -0.5074448274052976 0.08208724234609117 -0.009672496079747694 -0.03553494152509465 -0.06259963529266037 0.2315536824868228 0.06041810475192069 -0.34358017957411535 0.297561762171188 -0.12264303973836631 -0.07371680286932142 -0.41328567991074383 -0.27180676586370117 0.37656753374256763 -0.2022305668504453 0.13573776453954292
-0.4100386304627865 -0.2793637277221362 0.20392140906950706 -0.06531647724978432 0.04148735772927845 0.18763307305670396 -0.14935148186359554 -0.006283669552153093 0.027540515577454305 0.02686869950186778 -0.03328850852433024 0.49003133938736004 -0.37743870672573454 0.22457472355337904 -0.2392367819506452 0.31671230025246017 -0.18920780173391846 0.14052681202294143
-0.2931435266485981 -0.20210213930166537 -0.24503884965151407 0.08924319832685022 0.049733862351469454 0.1484112331818077 0.18221104395654963 0.07881723901158982 0.023724292470832575 -0.31688979628990105 0.11350856398272849 0.2305478132274559 -0.3195640382464897 -0.16979016703834418 0.3452298756370707 -0.46210159346723456 0.28656779462770654 -0.16878933484601605
0.0009940742541071912 -0.03760307188408146 -0.0021112263022001337 -0.02529683469436022 0.31287744389826566 -0.03907284394402256 -0.06516039512662977 0.23198027202103622 -0.9167665608774325 -6.362004287507189e-06 3.4978354105930087e-06 1.98878222519034e-05 1.3684396713564695e-06 -1.5669812327021027e-05 -5.6880514826969105e-06 -1.0756407877246521e-07 7.532060569490594e-06 4.14999209894071e-06
0.016219811782677757 -0.024384459236849967 0.09398937289874368 0.6790566914739709 -0.6432489496032243 0.1900665402047785 -0.150815519362826 -0.01072418711161613 -0.23756155703771437 2.5545498806740785e-07 -1.4559771652489228e-06 5.349630327923516e-06 2.6333745131194505e-06 -6.097304570719169e-06 -7.136575957365302e-07 -2.973859235255727e-07 8.162066122763468e-07 8.207119186443048e-07
-0.017958745820583513 -0.017399661985249115 -0.11822063307211905 -0.675765873752257 -0.6547632305349173 0.1464486822129326 0.17736302352487296 0.07486945442124875 -0.2037496479363227 5.143582087622015e-07 3.166646410091012e-06 3.849863748573747e-06 -2.055094454382622e-06 -5.7097452674333875e-06 -6.176212600344321e-07 2.794273992415969e-07 6.992804782757109e-07 7.202045712628971e-07
